0 A
u
u
0 O
0.75021 0.679683 0.670222 0.90164 k
0 J 0 j 1 w 10 M []0 d
2.60986 15.9312 m
8.95996 15.5811 L
12.7402 12.8711 3.79004 7.04102 V
4.02002 6.64111 L
13.4102 12.8809 12.3901 10.0508 V
18.6299 17.8008 16.5498 6.25098 V
17.1401 6.15088 L
20.98 10.0708 21.4199 13.3208 V
23 7.80078 21.6299 6.1709 V
21.8701 6.33105 23.77 7.84082 24.4102 12.8911 C
31.7598 3.86084 30.8701 1.46094 V
34.3901 -1.95898 34.5698 10.291 V
36.29 9.60107 37.25 9.86084 V
37.9502 11.1812 36.4399 13.9912 V
33.96 14.481 33.5898 14.9111 V
31.6001 19.2412 22.7402 19.1011 V
22.3599 20.9409 25.04 32.8711 V
26.1401 36.2212 26.4399 48.9912 V
27.8198 49.0112 27.71 53.2612 V
26.5 60.1108 24.1499 60.731 V
23.5098 61.1211 23.4702 59.4209 V
23.8301 52.791 23.5 51.8711 V
23.54 50.1509 24.79 49.1211 V
25.5498 43.481 23.9302 34.1611 V
21.6001 23.0811 21.6602 21.2212 V
19.6499 22.0811 17.1802 24.9111 V
2.5 28.9209 0.830078 30.061 V
1.64014 29.3408 6.10986 24.9912 0.47998 21.0112 C
3.8501 17.8311 2.60986 15.9312 V
f
0.819824 30.0708 m
0.790039 30.1011 0.759766 30.1211 0.740234 30.1411 C
0.759766 30.1108 0.790039 30.0908 0.819824 30.0708 C
f
U
u
U
U
