33.5132 410.2109 m
32.7417 411.022 32.5146 411.8101 32.063 413.1753 C
35.9863 417.1465 43.8496 413.8218 49.3291 414.9038 c
56.6538 416.3496 56.4595 418.9063 65.2422 417.2227 c
78.8438 414.6147 89.0234 412.3315 98.1299 401.0181 c
107.6226 389.2246 113.7681 378.6045 127.1758 370.3755 c
138.2432 363.5835 150.0327 357.6704 161.2305 351.0474 c
166.3242 348.0347 168.7402 345.1392 174.1328 345.2109 C
175.4375 359.9653 164.3379 373.3672 165.2666 389.2778 c
165.8955 400.0532 166.5371 414.1221 176.8359 418.2603 c
186.5313 422.1567 217.8926 409.9824 220.1201 399.9287 c
220.8877 396.4634 214.7646 392.2432 216.9922 387.9502 c
222.7119 376.9272 261.332 381.0522 272.9561 376.2354 c
289.5605 369.3545 281.8955 356.0322 274.6836 342.3203 c
266.5791 326.9106 254.6963 308.0859 241.1836 296.7524 c
228.8984 286.4478 211.8408 279.4497 201.9863 266.7397 C
212.6104 261.2178 225.9463 264.1743 237.1357 258.8169 C
234.583 249.9331 220.5957 239.6113 214.5732 231.9468 c
200.5029 214.0391 180.6133 203.8965 163.0098 190.3008 C
170.4727 165.5986 214.5049 160.4082 218.835 133.5791 c
220.3232 124.3613 214.7422 112.7061 211.4043 104.6621 c
207.0869 94.2578 203.9111 75.5313 194.4502 68.2998 c
183.0615 59.5938 176.2178 68.9893 166.8486 77.2285 C
167.9102 61.0205 180.7393 34.9541 172.7939 19.7646 c
169.2676 13.0234 161.6328 10.5371 155.0952 13.2783 c
145.1826 17.4336 136.3569 35.7559 130.5391 43.5371 c
124.3018 51.8789 117.1758 64.5244 107.8926 69.9316 C
108.9189 58.9053 106.2197 47.0039 106.0234 35.875 C
96.1123 36.208 86.1333 35.8916 76.2422 36.0439 C
70.335 49.1416 64.1685 59.5957 66.7773 73.4717 c
68.4351 82.2861 68.5977 88.251 67.4448 94.7754 c
65.147 107.7803 64.8662 116.2676 72.8022 127.6797 c
75.9019 132.1367 82.5815 136.9873 84.8599 141.9092 c
86.1528 144.7031 84.7432 148.1016 85.7915 150.3857 c
91.8296 163.54 101.0659 162.9512 111.0493 172.2168 C
104.8296 178.2402 101.7832 184.3936 100.9287 192.8164 C
102.0508 194.6016 102.999 196.4756 103.7729 198.4375 C
101.7227 202.9189 98.457 206.3789 93.9751 208.8184 C
84.0688 218.9551 81.3369 223.459 80.377 236.4561 c
80.1357 239.7241 81.605 238.1401 80.9824 241.4531 c
78.8813 252.6357 74.3232 257.8062 77.4268 270.1499 c
79.0205 276.4878 82.043 282.377 85.0215 288.1392 c
86.1621 290.3457 83.793 291.9961 85.4395 294.2153 c
88.8037 298.7495 95.1602 300.1074 98.4751 304.9834 C
88.6074 309.6348 49.3779 317.9399 48.0928 331.6104 c
47.478 338.1475 54.9487 343.2676 56.9419 349.2905 C
52.2329 351.8198 47.0806 351.8477 42.0562 353.4517 C
44.146 357.9771 48.0454 361.4692 50.3179 366.0854 C
41.1929 366.1426 24.124 369.5977 27.0903 382.2705 c
30.1567 395.3721 53.6602 391.0479 55.9688 403.8701 C
48.8232 406.7734 39.1855 409.2446 33.2139 413 C
33.5132 410.2109 L
f
1 D
104 342 m
100.2593 343.8843 103.2842 344.7969 99.1514 343.8486 C
98.1094 338.4219 100.6172 327.2075 101.9771 321.9731 c
104.9741 310.4351 112.9224 314.9243 118.8223 306.0996 c
121.5933 301.9556 124.0156 287.1802 125.0229 282.2476 c
127.1772 271.7012 126.5327 258.978 125.7974 248.1694 c
124.5933 230.4771 120.4932 213.3271 125.9517 195.7744 c
129.2017 185.3242 133.3213 177.2725 134.0518 165.8486 c
134.9839 151.2676 128.1323 139.0088 124.0322 125.2568 c
120.0327 111.8418 123.3135 103.0381 126.1494 90.3613 C
149.6577 83.9961 143.9126 130.8594 144 140.3721 c
144.2588 168.5244 134.041 205.8906 144.436 232.4556 c
148.5752 243.0342 159.2681 250.2021 163.6172 260.6016 c
167.4785 269.8325 167.1533 280.5986 170.4834 289.6294 c
175.9307 304.4019 186.5889 316.7202 198.5996 325.5732 c
207.8418 332.3853 215.8838 337.2104 211.8682 350.0161 C
201.1748 351.6411 194.3945 344.9839 186.751 339.251 c
179.1309 333.5356 172.2725 331.4048 163.0674 328.7705 c
152.9766 325.8828 143.3569 323.3115 132.4893 324.9004 c
121.1699 326.5547 114.2822 336.8203 104 342 c
f
145 299 m
143.6743 293.5957 151.8564 288.2539 157.1196 292.3735 c
159.2197 294.0176 158.0264 301.501 157.8486 303.8486 C
152.6641 305.2251 148.0977 302.9297 145 299 C
f